function [J_value] = Substitution_J(z_hat,force)
y_1=z_hat(1,1);
y_2=z_hat(2,1);
yd_1=z_hat(3,1);
yd_2=z_hat(4,1);
k1=z_hat(5,1);
k2=z_hat(6,1);
c1=z_hat(7,1);
c2=z_hat(8,1);
ugdd1=force(1,1);
ugdd2=force(2,1);
J_value=zeros(8,8);
J_value(5,5)=1;J_value(6,6)=1;J_value(7,7)=1;J_value(8,8)=1;
J_value(1,1)=1 - k2/800000 - k1/800000;
J_value(1,2)=k2/800000;
J_value(1,3)=1/200 - c2/800000 - c1/800000;
J_value(1,4)=c2/800000;
J_value(1,5)=-y_1/800000;
J_value(1,6)=y_2/800000 - y_1/800000;
J_value(1,7)=-yd_1/800000;
J_value(1,8)=yd_2/800000 - yd_1/800000;
J_value(2,1)=k2/800000;
J_value(2,2)=1 - k2/800000;
J_value(2,3)=c2/800000;
J_value(2,4)=1/200 - c2/800000;
J_value(2,6)=y_1/800000 - y_2/800000;
J_value(2,8)=yd_1/800000 - yd_2/800000;
J_value(3,1)=(c2*k2)/8000000 - k2/2000 - k1/2000 + ((c1/10 + c2/10)*((3*k1)/8000 + (3*k2)/8000))/300;
J_value(3,2)=k2/2000 - (c2*k2)/8000000 - (k2*(c1/10 + c2/10))/800000;
J_value(3,3)=((c1/10 + c2/10)*((3*c1)/8000 + (3*c2)/8000 - 1))/300 - c2/6000 - k1/800000 - k2/800000 - c1/6000 + c2^2/8000000 + 1;
J_value(3,4)=c2/6000 + k2/800000 - (c2*(c1/10 + c2/10))/800000 - (c2*((3*c2)/8000 - 1))/3000;
J_value(3,5)=(y_1*(c1/10 + c2/10))/800000 - yd_1/800000 - y_1/2000;
J_value(3,6)=y_2/2000 - y_1/2000 - yd_1/800000 + yd_2/800000 + (((3*y_1)/8000 - (3*y_2)/8000)*(c1/10 + c2/10))/300 + (c2*((3*y_1)/8000 - (3*y_2)/8000))/3000;
J_value(3,7)=ugdd1/800000 - yd_1/2000 - (c2*yd_2)/8000000 - (k2*y_2)/8000000 + (yd_1*(c1/10 + c2/10))/400000 + (y_1*(k1/10 + k2/10))/800000;
J_value(3,8)=ugdd1/800000 - ugdd2/800000 - yd_1/2000 + yd_2/2000 + (c2*yd_1)/8000000 - (c2*yd_2)/4000000 + (k2*y_1)/8000000 - (k2*y_2)/4000000 + (((3*yd_1)/8000 - (3*yd_2)/8000)*(c1/10 + c2/10))/300 + (yd_1*(c1/10 + c2/10))/800000 + (y_1*(k1/10 + k2/10))/800000 + (c2*((3*yd_1)/8000 - (3*yd_2)/8000))/3000;
J_value(4,1)=k2/2000 - (c2*k2)/8000000 - (c2*((3*k1)/8000 + (3*k2)/8000))/3000;
J_value(4,2)=(c2*k2)/4000000 - k2/2000;
J_value(4,3)=c2/6000 + k2/800000 - (c2*((3*c1)/8000 + (3*c2)/8000 - 1))/3000 - c2^2/8000000;
J_value(4,4)=c2^2/8000000 - k2/800000 - c2/6000 + (c2*((3*c2)/8000 - 1))/3000 + 1;
J_value(4,5)=-(c2*y_1)/8000000;
J_value(4,6)=y_1/2000 - y_2/2000 + yd_1/800000 - yd_2/800000 - (c2*((3*y_1)/8000 - (3*y_2)/8000))/1500;
J_value(4,7)=-(c2*yd_1)/8000000;
J_value(4,8)=ugdd2/800000 - ugdd1/800000 + yd_1/2000 - yd_2/2000 - (c2*yd_1)/8000000 + (c2*yd_2)/4000000 - (k2*y_1)/8000000 + (k2*y_2)/4000000 - (yd_1*(c1/10 + c2/10))/800000 - (y_1*(k1/10 + k2/10))/800000 - (c2*((3*yd_1)/8000 - (3*yd_2)/8000))/1500;
end